16
0 0
2 0
4 0
6 0
0 2
2 2
4 2
6 2
0 4
2 4
4 4
6 4
0 6
2 6
4 6
6 6
24
 0  1  0 -1 1 0.0724 0.3808 0.0845
 1  2  1 -1 1 0.9719 0.4173 0.0065
 2  3  2 -1 1 0.1323 0.3921 0.7560
 4  5  3  0 0 0.4042 0.9152 0.4247
 5  6  4  1 1 0.1866 0.5128 0.7808
 6  7  5  2 0 0.0701 0.9747 0.5847
 8  9  6  3 0 0.2370 0.3061 0.8945
 9 10  7  4 1 0.9823 0.1199 0.1086
10 11  8  5 0 0.5982 0.1257 0.1315
12 13 -1  6 1 0.3988 0.4164 0.6263
13 14 -1  7 1 0.3153 0.0631 0.8705
14 15 -1  8 1 0.1372 0.6994 0.5841
 0  4 -1  0 1 0.3725 0.9207 0.7172
 4  8 -1  3 1 0.2392 0.5483 0.6803
 8 12 -1  6 1 0.1339 0.5849 0.3883
 1  5  0  1 0 0.0898 0.8614 0.4318
 5  9  3  4 1 0.0170 0.8756 0.5535
 9 13  6  7 0 0.6458 0.0175 0.6758
 2  6  1  2 0 0.4131 0.7170 0.8769
 6 10  4  5 0 0.9905 0.9813 0.6104
10 14  7  8 0 0.0308 0.3961 0.3287
 3  7  2 -1 1 0.2003 0.8115 0.3635
 7 11  5 -1 1 0.3886 0.2681 0.6949
11 15  8 -1 1 0.4510 0.3055 0.2092
9
 0 12  3 15
 1 15  4 18
 2 18  5 21
 3 13  6 16
 4 16  7 19
 5 19  8 22
 6 14  9 17
 7 17 10 20
 8 20 11 23
3 1 0 90 80
