9
0 0
2 0
4 0
0 2
2 2
4 2
0 4
2 4
4 4
12
0 1 0 -1 1 0.71765 0.55884 0.40663
1 2 1 -1 1 0.21351 0.35721 0.62327
2 5 1 -1 1 0.56432 0.98651 0.98751
5 8 2 -1 1 0.13546 0.87591 0.75673
8 7 2 -1 1 0.76121 0.61492 0.23121
7 6 3 -1 1 0.64147 0.08607 0.48484
6 3 3 -1 1 0.12515 0.12351 0.31511
3 0 0 -1 1 0.31608 0.59933 0.60399
4 3 0 3 1 0.00000 0.00000 0.00000
4 1 1 0 0 0.00000 0.00000 0.00000
4 5 2 1 0 0.00000 0.00000 0.00000
4 7 3 2 0 0.00000 0.00000 0.00000
4
 7  9  0  8
 2  1  9 10
 4  3 10 11
 8  6  5 11  
1 1 0 60 100
